006409
005020
003353
003690
002926
002045
004643
005164
000458
005310
000484
004088
005140
004123
003166
004844
002025
000374
002301
004726
003179
005336
001589
001590
004516
000538
004195
002119
005127
005284
004497
001951
000864
003269
002823
002824
002546
005697
003460
000929
005624
003867
007312
006706
004498
001005
001455
006602
001736
006500
004305
004169
001014
003679
007091
003120
006952
001530
005782
002550
002944
000558
000266
005959
003081
005089
004534
000540
002943
006579
001226
001384
004416
000805
000922
006109
004273
003247
006844
003803
001461
004200
002758
003969
004757
001403
003752
000422
003103
006751
005439
004991
000113
005220
002249
005193
003438
000323
005475
000031
005619
004746
001850
005385
005894
004042
002454
000664
005592
007269
006596
007339
001035
005631
007115
005147
004360
001042
001830
004228
000247
002826
006281
000642
004837
007461
005420
007222
005199
005098
000697
003754
005607
001933
004763
005070
006778
003186
007051
005788
001222
000228
006708
005131
000512
004072
006753
003036
003860
002462
002046
006750
003237
002942
005003
002377
001038
001620
004414
001558
003225
001449
004350
001427
004598
004076
003434
003215
007323
004096
001947
003745
000904
002350
003207
003184
002621
003823
007152
004402
002904
000514
002990
005185
002164
006273
001347
002715
003783
003832
001991
005150
005178
003394
003361
004222
003467
000780
003251
002547
006688
004786
001707
003249
004755
005246
002753
001128
002901
001282
002013
007024
006014
001961
002436
000859
006858
005661
000737
003688
006805
004496
006153
001249
001021
007368
006089
000840
004144
004186
007098
001193
000141
002928
002781
006719
003520
004159
000285
003784
005762
001695
002481
006332
001595
004528
004028
005275
004098
003592
005895
005945
006546
007204
003807
004730
007049
000399
001737
002896
007371
005746
006034
002888
005055
006787
002353
001722
006474
005513
005722
003364
001980
003612
001667
000666
006870
003767
007035
004201
002632
005552
001591
004835
003763
000345
007437
006628
003651
001007
004529
005082
006280
002934
004243
005748
007275
002055
000308
002748
001001
002183
001017
001769
006641
006011
000056
007022
002095
003156
004617
004535
005589
001210
000703
003368
003838
005620
003898
006333
003877
003732
000838
006646
001299
004511
003563
001269
006994
002070
000846
006569
003425
000647
003300
000080
002352
006486
002113
004687
005444
004820
004591
000107
000724
000097
004120
001995
003779
006330
002982
005655
004955
004610
005674
004585
006709
001962
001456
006157
007395
002837
000354
005469
000425
003034
004099
003543
002939
006323
005225
003362
003561
005381
004426
003915
006999
000146
006991
004695
003456
003346
004731
001568
000788
004372
003508
003480
004341
004878
003656
006115
001623
006800
002631
003059
006676
006675
003687
000142
000489
005641
003363
004376
006636
003445
004069
000586
003706
004565
007400
001426
001904
000754
001694
005404
005064
001929
003930
004861
000246
005176
001334
003544
005608
006451
002303
000572
001744
004973
004289
001424
003235
000544
000373
002628
004050
002341
003795
004918
001656
005416
005057
005648
001781
002746
003315
000866
002665
004334
003948
003210
002717
001223
006640
004193
000620
000568
000763
005971
006441
000508
002482
003965
007104
000537
005151
000391
006114
003463
000030
005117
006522
002549
002647
003258
004079
007229
003735
003567
004109
002499
007455
006821
001797
004957
004067
001442
004117
005441
000376
002615
001053
001593
004524
001821
002127
003676
007472
000951
005770
000360
006012
000905
004085
000217
002446
005470
005333
006980
003857
002423
003201
000759
000048
004435
003230
000130
007254
001533
001787
000413
000849
006156
005932
000617
003148
000282
000086
000102
000058
002122
006988
005386
006263
000520
003892
007205
006419
001823
003328
006090
000557
002816
004041
006915
000195
003868
003802
006880
006080
005653
006327
005594
001243
006485
000625
004808
001952
000861
006605
004935
003851
000700
005874
005006
001767
002296
002238
001212
002584
004912
004250
001818
002267
002562
006241
000808
004583
003782
002168
003069
000280
003523
003244
000601
006586
003730
000914
004134
006394
006513
004584
002285
002606
000032
005989
000596
004152
004197
001594
004612
005929
005401
000824
005478
001180
004916
005248
005555
006440
006512
001853
003293
007188
006167
002535
006367
007100
004476
002349
002680
004515
003168
005636
004762
003836
007023
002116
000600
003208
003692
006488
003545
002786
005868
005473
003417
001976
005621
005187
002225
006585
005891
006111
006631
004681
005917
006771
003227
006286
006018
004897
006276
007149
005910
001721
001431
002458
000454
003383
005222
003738
004204
000005
004158
001478
002421
005532
007199
006214
001445
002217
000154
004056
002351
000388
006779
003246
007191
003471
002475
003491
006399
002163
004679
001096
007043
006304
002751
003577
004115
001732
002072
002264
006614
005819
007429
001506
004659
007187
003587
005393
006240
005247
004428
003054
002438
005694
003724
003680
007305
005812
007375
001755
001410
003313
006186
002220
005099
005878
003075
002935
006048
006225
002885
002457
000235
005689
000117
006975
002486
003874
001253
006264
004122
000923
001228
003087
000260
007249
007358
006642
000233
003396
003698
006023
002519
006969
006119
004846
001936
001508
006530
005166
005994
006827
007319
006637
003628
004287
006258
003095
005327
003560
003340
002679
004971
001750
001351
005956
004712
001072
006118
006967
001009
002970
006742
005886
000181
004948
005860
006791
000684
001039
000884
003610
004488
004607
006638
005036
002388
002870
001539
001127
005363
002051
000611
001159
007366
001338
001189
002847
006652
003245
002792
004007
005421
007174
003418
005767
002666
005030
002914
000762
001056
000472
001851
004874
002774
000581
004343
004328
005112
003500
000535
002335
003949
002329
004850
004851
006922
001459
002996
003975
003599
004960
006801
000796
006037
000318
006655
003171
000702
004001
002822
006864
005611
002233
006436
001760
004896
005330
000678
001832
005262
007096
003327
000202
005026
004915
005257
006257
004540
004346
002582
005818
004455
000971
002708
007224
004623
000815
001519
000985
005637
005882
000576
001805
001488
005540
007246
004212
001082
003489
001547
006101
001690
005485
003817
005851
007354
001339
005387
006635
005728
002037
001110
003152
006380
001378
004958
006648
003913
001915
001655
004051
001346
003631
004002
006183
005287
004141
005987
002645
004947
006070
007373
006885
002271
005282
003072
000915
002081
005295
001169
001411
003431
001887
006710
001206
002516
004146
002470
001581
006661
001802
006982
006851
004248
001211
005491
005448
006347
006600
002548
002810
003606
002186
006457
004445
006338
001864
007473
005497
005544
003787
005900
007334
002320
000314
003951
000812
004865
000264
003977
002603
004502
001312
004517
007146
005328
006979
001138
004926
005920
000517
007155
005350
007124
003812
002956
006255
001064
001809
005226
000211
003335
005950
004685
002083
005145
005633
004369
000609
005351
001979
006811
002395
000563
007446
004559
001383
006249
007320
001925
004130
006714
001469
004700
003454
003684
005399
000329
002228
006528
001482
005654
005568
003078
001810
002707
002706
003023
006057
000619
004473
004482
003021
006888
007141
007349
003555
004993
004503
000764
005377
000946
002467
005242
000292
004399
001205
003537
000397
002431
000063
003947
002298
001133
007256
001998
006401
005975
007151
004452
002004
005590
002672
002023
005476
007062
001839
004889
006507
001553
003416
001631
005831
005184
000974
004881
004181
002529
003609
006763
002622
003632
002328
004806
006232
003062
001798
000442
006796
000448
004519
005179
004650
003576
006344
000089
003097
005756
002419
007060
005073
000773
005002
002312
005052
006007
001204
006434
003126
005264
000297
005481
002061
004616
002368
000594
001225
002380
004199
005142
004582
000362
003919
001801
002565
000025
006349
003297
000145
006553
006711
002785
005383
005663
003873
002620
000417
001023
001233
000632
002299
006515
005291
006120
004093
002788
003927
006128
001093
002185
001224
001162
003529
000511
000322
002838
006078
001609
005827
000598
004706
007085
001491
000606
005132
006229
007259
005926
007106
004143
007212
003008
004233
002553
000742
006247
005923
001276
001354
005286
002213
001500
003212
005873
000651
006058
000740
005461
007216
003775
001712
000906
004823
005175
003019
003581
000968
006509
005536
005595
002310
006597
003621
004221
001731
006912
003964
005865
001031
000343
005802
004773
003453
000954
006331
007021
000933
004654
005821
007424
006195
007267
005634
003122
006878
000256
004812
006176
005597
001401
007307
000175
003167
004885
004693
005951
000170
007120
006670
006237
001218
005032
001132
001601
001231
005038
003998
002330
002727
001672
003273
006492
004705
006112
005801
004485
005134
001779
004021
002572
005016
006837
000997
006006
002691
001554
004917
004704
005823
006342
004649
002932
002502
005479
000518
001140
002574
005744
001337
002295
002311
002952
000750
000173
005973
005314
000885
005843
006700
003660
002595
005562
005215
004833
001320
003816
001025
004908
000027
000268
006868
006022
003325
002808
000646
004765
005313
006315
000679
005890
001559
005009
000751
003051
001408
005357
002334
002066
007182
003661
005747
001265
000908
000830
003270
001421
006170
007046
005559
003639
006799
007110
002634
000426
003645
006578
004945
002721
007330
007436
003701
005736
005652
002435
003627
004745
002364
002710
007284
004701
004227
001504
002724
001549
005921
006076
002978
004128
002998
001324
000786
001834
006452
002245
004323
001652
002968
001994
003504
002313
006737
006927
007477
006325
001814
000224
004491
004811
002681
004526
001551
001606
002474
007261
005709
003086
005271
005593
007005
005340
004251
005453
004992
005542
003551
001255
003282
006290
001165
005483
004792
004839
005135
007009
000820
003050
001963
005228
004290
005341
001847
007255
004111
001808
004068
004124
000160
004615
004547
006370
003013
002318
006948
003729
006813
002833
002902
002754
003843
003945
005303
006000
002084
002673
007322
005792
004521
000019
001362
000973
000410
000254
006417
002551
002903
004110
002448
000122
005981
000365
001086
004551
005446
006824
002054
005503
003162
000587
004999
005365
006732
000337
004136
006914
000817
003620
003814
005274
004578
002027
006472
000965
000270
000183
003748
006431
005734
004385
000837
000944
003173
000663
005317
005250
007447
006758
000789
000603
004933
003031
002158
002098
006883
007329
006752
002879
004429
005578
004788
005174
000326
005120
006865
004727
000164
001412
007036
000878
000863
007346
003728
000746
004315
005847
004537
003312
003971
003226
004666
001271
002496
005278
002077
005466
001398
004458
004393
000957
002936
005500
003788
005201
005602
006623
000014
003428
001376
001266
004451
004022
001464
002556
006028
006348
000429
004663
007247
001215
000405
001817
006318
001633
002018
002196
003751
004180
004264
004749
006662
004780
007326
004781
006113
000776
006454
000120
004683
000753
002865
005119
001989
004370
005583
000062
000095
002812
000749
006489
001107
001392
004857
007474
004631
006798
005924
002742
006682
005549
000338
007145
002600
003733
001531
003907
005630
004183
001155
001178
002966
007122
003466
003608
000450
006414
000564
004893
003038
003991
004518
000369
004653
004818
004608
000970
004082
000552
006106
001999
006407
006616
000775
003785
003721
007331
003614
006643
006702
003881
007147
003433
006396
004919
006615
002832
005424
004094
004449
005384
000248
001024
003786
002367
006687
001642
004316
006895
001641
001406
002005
003035
000940
006766
003144
005899
002950
001402
000331
004894
001278
006536
003810
002050
002468
003901
005974
005712
007293
000040
004595
000188
006444
005735
006592
002948
005530
002366
005153
002485
000628
000356
006422
005165
001754
002255
000680
003825
001220
004613
006421
006102
001756
000823
005944
001074
001207
004190
001564
005969
000134
004977
002024
006328
004260
002036
000445
001018
000610
006989
006757
001902
002989
000745
004404
005984
001379
001413
003940
000847
005371
003253
007468
007219
007215
004841
003370
005316
007068
002598
004895
005436
000714
004689
005069
005040
000400
002652
004430
001191
001458
006355
002660
003254
001350
002146
005964
002897
003124
003209
007244
006849
005167
005432
003142
000336
004253
003541
003401
002811
006469
003076
004213
002201
001230
001122
003546
005083
003900
001714
003100
002642
004172
003028
003909
006204
004756
003768
004905
007381
001099
001289
001870
002124
002559
003049
001160
004184
007416
007390
004267
001425
004606
001134
000744
006427
004860
002455
005320
001414
002630
003673
004194
005666
001343
003739
004776
004872
001423
006716
000002
007309
006199
002567
002941
000900
006978
001116
006365
007428
002211
005342
002140
006699
004514
006139
004671
000220
006531
001349
006097
007394
003622
006024
003932
005409
001279
000844
001344
007179
006960
007190
004640
005326
003104
003815
002030
003659
000643
005031
000381
002426
006105
007393
000758
003147
001471
006043
000382
002951
007240
006231
000054
003535
003600
000503
004326
002868
005612
001791
002809
004137
003204
000723
002858
006074
001240
001738
000105
006836
005726
001033
000325
002650
001022
000415
007345
002967
007459
003995
003172
005077
005267
006571
003492
002230
002136
001561
002505
001557
003060
001348
006919
007382
006477
005253
006392
003459
003027
003941
001764
006284
002109
002491
001618
007209
001885
001195
004150
002229
006976
004417
003409
005672
007304
001242
000083
001430
004989
004688
007158
000713
001540
002518
000259
001600
000486
004486
006860
002830
005244
004790
001441
002155
002930
002654
002671
002835
006668
004668
004475
003980
000870
004816
004625
005893
006481
000438
003722
005379
004593
003345
003571
004256
002347
003704
000456
000693
005309
005450
006728
003589
004754
002398
002248
007050
001396
004930
001910
002263
001717
000835
000551
004084
004063
007430
003429
003629
003850
001071
001786
003117
001583
005857
007198
002078
003547
002648
006626
001977
000694
003016
002738
003277
005498
004531
002278
005670
004337
002664
007352
006213
002853
007338
006155
006423
006475
001662
006591
005111
002602
005800
002369
005373
001972
007327
007343
004433
006903
006233
002156
003882
004632
000427
001118
004923
007341
000669
003299
001297
002080
001083
003352
006502
006194
001930
003338
002923
007173
004471
005811
007136
007113
006842
006876
002065
004394
001575
005806
000896
007003
001917
002132
002345
001784
002891
005205
002294
001472
004019
001311
002198
006433
001306
002447
000699
004064
003942
005422
002394
003155
002651
000941
001209
002332
005667
006019
006909
000013
007386
007138
001552
003624
007242
006887
005173
005710
002747
006479
005863
005034
007281
000986
005276
004744
004560
005152
000961
002275
000755
005086
005765
001490
005832
002317
000638
003473
005443
004138
006198
004937
003625
005828
002058
003052
007004
003653
003099
000912
003762
006192
000375
003070
000052
007105
003032
006267
006245
002190
003671
004972
006426
003674
000868
002585
005389
001733
002292
007456
007348
007162
000192
005433
006583
002506
003427
005346
003200
001865
003218
006581
003046
000462
002237
000074
000549
006147
005024
003329
005979
005054
000242
001836
000880
000580
002344
007011
004956
001748
000250
001776
000359
003582
004909
007047
004810
001290
006504
005561
001161
002216
001877
000481
000597
006130
000756
001524
004107
004026
001154
000423
002799
004884
006518
005208
007074
001724
003611
002869
006218
002266
003439
006944
000287
001863
000981
002954
000962
002911
002912
002099
005965
004550
002370
003295
000093
006321
004268
002693
002085
006785
002154
003705
000116
000942
001948
002743
002636
002784
002985
001955
005071
006684
002763
000111
004174
005695
005148
002346
007355
001049
002104
007444
001719
004440
003248
005375
002501
007066
004299
005789
000009
006013
003928
007280
007443
004827
007402
007048
007232
002434
007099
002722
006943
004090
000972
000464
005512
003856
002796
006174
006319
003180
006656
005779
002003
005021
003440
001920
001149
002441
001373
002534
004202
004826
001416
004396
005004
001164
004258
006482
002779
001473
004265
005705
003316
007111
001555
002260
003556
005157
002358
003506
005455
001026
002927
001891
000050
001705
001679
003725
002281
003902
006946
004954
005960
003846
002894
006359
003222
000172
006335
000129
007206
003238
000384
002886
006582
004609
003744
000671
003044
006164
003982
004980
000845
003870
006968
006777
004378
004805
004661
005772
005783
002075
001365
002373
001789
005808
006910
002766
007194
002732
000477
001417
006941
005840
000657
005110
003607
003358
007285
001596
001104
000289
002042
000347
003715
001353
003450
005720
002739
006690
000803
004046
005867
003588
004783
002391
002161
005269
002170
000677
001166
006782
006085
002509
007469
000513
002040
004024
004168
007427
001659
003912
002408
005196
002704
003643
001029
005997
000842
005289
000978
002068
000061
005502
000108
001058
002527
005774
003304
006629
005907
000813
007463
005306
005758
003323
002801
006761
004734
002992
004384
004952
007033
000393
004198
007365
005408
003585
001946
003841
006317
006386
007442
000067
006425
002011
007018
006073
007370
007233
007081
006088
003093
003452
005312
001906
005194
005952
001453
002770
002035
000169
006930
004799
002508
006211
000939
005370
005588
004711
004420
000012
002203
005614
002813
001176
001281
000555
007360
001515
002321
007351
006664
001881
005235
004707
001574
005486
002861
003067
007119
000839
002991
005556
001685
002404
006907
004630
007277
005837
005085
006812
002041
006413
000440
000836
007077
000787
005509
004570
004735
007454
003972
003999
004036
004665
005742
004487
007103
006590
000288
002355
001358
004470
002607
004363
007458
006768
004622
005531
002692
005824
006160
002972
003108
005822
003929
002282
000583
000599
007388
000041
000001
000911
000650
003094
003158
001201
002026
002924
002450
004286
003532
000128
005366
000660
000123
000559
003319
000201
005668
006004
002236
005872
005378
004282
001045
004655
003615
006010
001538
004004
004106
006802
003554
001291
004355
004544
003403
004940
001108
002227
007413
002528
000273
006384
003284
001543
002392
002827
002240
001900
000623
000366
005519
003045
005635
003591
000084
007052
003010
006047
006173
000178
003268
005640
006704
002252
002181
006738
005311
005877
001113
005638
002193
002887
002307
004821
007153
002169
001241
004226
004807
000257
001697
001927
000988
003895
002571
003442
002933
004113
000432
001546
005955
004263
001653
006251
003365
000990
001394
002251
006008
000017
006659
003579
000204
002503
007134
000769
006508
004964
005687
002726
001188
003522
003533
004611
000115
004351
004025
002069
003837
006594
004468
004295
005332
002144
001364
005155
001725
003116
005285
005813
001078
004546
003635
002780
000418
001292
003231
002015
001567
004382
003217
005116
002734
004691
005141
001202
005606
007426
004353
004677
004211
002591
007374
005494
002033
006892
004161
006242
003886
000999
003820
006921
001487
001644
005231
000998
005533
003871
004652
000668
006354
000818
003515
003527
006606
006418
005115
006533
006038
002326
000622
003274
002767
003974
002629
004942
003896
001613
005197
003343
006498
003080
000007
004086
001199
004859
004070
002456
002221
000004
002581
002524
005159
006784
000200
005582
000186
002594
006589
007131
003578
001119
005254
001909
003157
005849
005529
005841
001112
006745
001928
003524
002795
000222
002588
004275
003834
001643
004849
005876
006882
001248
001632
005101
006009
006025
006520
002071
001505
003174
006172
003613
005080
005829
003605
002733
005776
001167
002728
003195
001275
004815
006850
000919
001179
006416
005318
005219
001578
000008
000924
001300
002668
004592
001899
006064
003182
000346
003685
000525
005797
000118
000614
002604
003020
004720
006322
000771
003219
001886
004558
007408
004218
004270
002477
003140
006372
006683
007321
002239
006260
002817
001953
006271
001957
004554
004060
003772
001692
000722
004132
006788
003159
002059
006874
004166
004300
005520
007121
006371
002362
005622
000969
005766
000925
004621
002234
000585
000412
002466
000959
007404
005846
001435
002246
003404
004722
002908
002422
005564
006601
006563
006046
003712
005749
001689
002778
003512
004728
006184
001109
002297
001467
000662
004766
000709
001043
003395
005613
003852
003872
006495
000772
007109
003839
004395
005547
000783
007397
004324
005001
001448
000395
002538
004008
001751
000953
004006
006532
003583
006902
003758
002646
001409
007015
007440
004091
004574
005075
000499
003115
006510
005656
002479
005468
006739
005885
002698
006886
004087
006466
000615
001827
005192
004628
002087
003822
006829
005406
001274
002669
002544
003308
002782
006996
000077
000648
005403
002999
004242
005361
001200
002476
000733
005059
007431
004185
003421
001780
004618
004509
000060
005407
002597
000267
002407
001758
002859
006820
000983
005137
000717
007336
007475
004142
003931
006234
001681
005903
006162
001057
001395
005301
002910
000480
001715
003736
005750
003549
001718
003773
005523
003129
001940
004530
003675
005123
005172
005852
005723
006127
004140
000443
004342
000624
006044
006388
004266
006463
000886
001419
007082
003986
004875
002497
006072
005817
001668
002807
003029
000279
004271
001367
001437
001184
004803
003657
003415
003178
002586
003190
001305
003146
000324
001517
007227
001803
001503
003096
000848
001377
000451
000139
001066
002749
000527
003716
003057
003753
000543
006203
006152
003879
002179
004182
000196
005534
004129
005290
004759
007288
002019
004708
004191
004415
005447
003764
002403
003263
005028
006062
002092
006171
005068
005415
000452
006094
003161
002929
001136
005650
001841
004189
000035
002711
006364
000197
002563
003330
003830
003809
000688
007465
005506
005953
003863
001923
007132
002639
001700
000053
003136
002378
004571
002740
005410
004059
003484
001013
004313
006924
002453
001757
000871
005599
000444
000765
006377
001866
002618
004627
003967
002965
007072
001070
001363
002744
004694
003952
005456
001740
007289
007087
005458
004116
005949
002757
004292
005751
005154
005347
006361
006925
000704
002308
004035
002007
003771
001788
001704
002725
004306
002592
004929
000639
003833
001084
002304
005725
002771
007317
005495
005305
002768
001301
006096
006446
000801
000945
000157
000482
004400
004336
004858
000187
002235
002433
000023
003670
006672
004481
000689
001444
003630
005798
003934
001148
001063
004501
000794
005413
003878
004206
003769
005035
006822
007462
002043
006846
003828
001959
004477
005993
002306
003983
006759
002418
006657
000726
005718
000730
003709
004437
005051
001187
003422
000363
005298
002545
003236
002964
002626
003766
004373
004951
004796
006187
006995
006793
000238
003756
007164
006973
002940
005124
006971
006312
006685
001372
002609
003626
002103
003009
007308
000521
001765
001382
005334
006309
006945
006149
004750
006762
005566
000504
004368
000782
002849
000463
002208
001335
005397
003565
004579
001888
005496
003994
004819
001693
004793
007251
002670
003914
006780
002287
007412
000380
003131
000507
006205
003133
007297
006830
000548
006527
006086
005785
006665
001438
000494
002905
001163
003475
005866
007298
000029
003239
002118
003331
002166
002957
001308
000402
002241
002613
002478
001262
002315
001807
004836
006352
003961
000752
007171
003708
000106
002839
000335
004257
007287
002401
007172
006404
002627
006060
007410
003004
000367
004352
001663
005460
004454
001884
005905
000741
006158
003854
005972
005716
001098
006244
005538
007017
007316
005237
003956
000109
003647
006494
002094
005658
002147
000774
002856
003355
002277
001638
003528
000026
000967
004751
003650
004523
001294
005331
006185
004147
004330
000149
002324
004262
004913
007221
006071
006786
004176
004276
001914
005522
004314
000993
002114
003240
002459
000833
000357
000179
003373
005209
001366
002829
000937
005195
005625
002034
002031
002803
001295
006458
003196
003847
007239
006523
000571
005769
006400
003333
005671
002955
003224
004089
006577
001932
000635
007059
006179
006223
003717
004310
000441
002165
002828
006654
002883
004480
004887
005074
001580
004464
001144
004398
001245
004236
002512
002576
002920
007156
000667
000147
003432
004229
000829
002204
003672
000903
006867
006746
006405
004434
000687
002182
004311
006981
006692
001452
005600
005548
005405
007070
003420
000409
000811
005902
006856
006693
005505
001454
003296
000206
002145
005109
003272
004160
002484
005554
002797
002142
006559
001964
007044
002687
005580
004809
005507
004741
006467
000291
005794
000488
006574
003198
005915
005700
002064
004469
005887
002874
004018
004965
000531
004784
004101
004733
003539
007094
005791
000734
000573
003853
001648
000021
001407
001950
003183
002106
002412
002686
005816
004112
001502
003334
005646
003963
002439
004466
001483
002560
005659
003298
004658
005223
005715
007434
001665
003575
006540
003905
001516
004231
002756
007315
003668
001175
000802
001331
004527
004508
004953
004645
001371
007083
002984
000467
004709
005739
000979
003662
004729
003130
002361
000358
005681
005202
000887
000104
005079
005046
000403
000428
003598
000491
001626
006736
001617
007359
001710
006302
000827
006564
004876
006411
006262
005435
000449
007340
001286
003749
003594
003384
000930
006210
007107
001514
004778
000681
000078
006755
004057
007325
005980
001872
004832
003916
002875
006608
002376
002736
007301
001131
003667
006872
005948
002269
005189
003750
006455
006293
003022
004347
005186
001562
006549
006360
007438
006117
005752
000049
005417
007038
007384
005815
003778
004374
000296
006987
007186
007148
003531
001701
004301
001727
005919
000821
000189
001081
001277
002331
000588
003314
001897
004411
003944
004362
005227
004407
001087
002360
002995
006816
001114
003007
005603
003954
005272
000263
004033
007135
006935
004660
003160
005570
003842
002199
006098
003164
007013
005925
002420
004499
005942
006689
004031
007299
004968
000096
004644
005270
000932
005243
000447
000396
003110
006740
004710
005543
000862
003405
003746
005181
001860
004478
000241
004422
002262
004034
003024
000229
005676
004753
000804
003479
001811
002533
000641
007417
006552
004187
004192
007092
007200
007290
007025
003693
003288
004774
003083
000907
003568
005348
006612
005848
006175
004367
005754
003678
003377
005761
005465
003700
006032
004588
005307
005191
001518
002873
006705
006346
007175
005188
003921
002399
000148
001011
003381
002937
006718
003411
003917
005962
007176
002769
001280
002713
005912
004848
005517
006823
005090
007310
003033
004405
007101
004308
003203
005610
001511
006721
000719
000630
003548
000918
006228
003889
003890
005023
000768
005657
004970
003648
004029
004387
006572
001390
000000
002573
000807
000851
001194
002226
003053
000234
005669
006877
001059
005773
006063
005457
002925
006884
002214
005431
005053
007433
005162
002760
007090
007445
003562
000258
006065
007271
006033
005930
007014
004767
000574
001145
001607
004418
002638
004066
003792
000654
004344
003349
002150
002416
007042
007399
001783
001046
007078
004995
001840
005790
002359
006861
004361
005212
003885
000725
004014
007391
006269
006955
001875
007421
004586
002644
002871
005251
002737
003495
002174
002921
006148
004054
003893
002773
005508
001532
004157
000334
006588
005793
000455
001120
000330
000561
001572
002053
000876
003127
005072
000295
005462
000994
003970
003392
003950
007040
003935
003865
007185
003286
005279
004011
006748
007313
001250
006819
000822
001386
002705
006108
003958
004105
003241
007230
007300
003883
005372
005880
000184
002917
004871
003114
002863
003413
006166
002526
005501
002772
005575
003037
006252
005092
004639
003423
005743
006983
000819
000497
007476
006265
007026
005451
001527
003761
001912
004065
003663
001907
007064
003573
003908
004380
006369
006449
004725
001229
005102
000562
002963
004575
003985
004761
000735
005690
007214
006353
002387
003623
004936
001739
006529
002209
002578
003150
000607
003859
005692
003321
005649
002286
000949
001889
005515
006059
001172
002427
003301
006450
006550
001135
002323
007084
002789
002417
005576
004448
004439
004049
002432
001908
003862
003976
002314
007218
003866
001741
006645
004446
005759
000798
005881
007226
000640
005400
004870
006208
001993
004758
006216
007118
002805
005324
002200
003559
002429
004775
006490
006300
001314
000286
002172
001298
005643
001534
001831
006920
003519
001190
004670
000261
000674
001061
000386
004553
006607
002561
000468
006547
004548
000897
005922
006493
005442
005683
000658
005487
002946
000790
004278
001696
001388
003073
001598
000003
003089
006123
000377
000799
000020
000952
007002
005889
006341
000121
006447
000958
005296
001749
003324
003897
003107
004490
004538
003079
004974
000720
001315
003925
000371
002564
005768
002759
001829
004868
001535
004717
002662
002637
002473
002881
003406
002916
001272
002178
002472
000732
003781
005991
001968
000921
006138
003310
005118
004114
006161
005934
002336
007396
000565
004590
005604
003011
001485
000487
003185
005677
006439
004389
003350
004074
007333
006497
000757
005850
002143
004151
000436
006415
004855
005238
007369
000515
006151
006881
004785
004492
007479
005087
007012
002971
006916
002959
007169
005553
006625
006026
001943
007137
006633
000633
003805
000777
004600
006268
004223
001978
003461
002333
002073
005616
001393
001156
000566
004764
002374
007163
006928
005966
003449
003372
004716
004877
001287
004461
003875
003348
006387
006015
006055
001493
000214
003017
004406
002663
000767
000995
003030
002716
000706
003774
003869
005100
006278
004303
006691
001921
005374
000406
004787
006815
007000
001186
001645
001094
006052
006790
001146
006313
002539
005686
006220
006593
000378
002139
002854
003641
001619
003993
002877
006129
004047
001521
000082
005200
004246
002057
001439
007353
004739
005302
001486
001004
003356
001616
001649
000485
004366
007180
001544
002463
003904
006965
002105
001117
000327
004012
001213
006580
002793
005177
003566
002212
004985
003723
002980
000435
002919
005778
007189
000963
001121
007202
007363
004431
005241
004216
003066
003134
001794
004358
000524
001666
003525
001237
004539
006634
003760
001859
005499
001664
003281
007041
000593
006150
001660
004381
000133
001002
004976
001405
003005
006913
007478
000874
003514
000177
001079
004443
006246
004210
001227
000989
006042
005901
006053
005388
001837
006250
005355
006168
006707
005019
005066
005933
005844
006949
000526
006573
004319
002402
003071
006534
003216
006962
004638
006825
002729
004127
005992
000225
000883
004563
004998
006875
004274
005990
007150
001742
006595
001671
002149
001185
001937
001174
003292
003447
002396
004667
000081
003953
003926
002761
003658
003824
004678
000582
002714
005982
001612
000927
006036
003252
005368
006375
005927
004459
000976
003943
004288
001766
005108
005938
001669
002880
004156
001746
003193
002569
006178
004601
006462
007201
006767
002994
005125
002244
002857
002052
002082
005628
006669
000634
000064
002280
003430
004994
000265
004572
001548
002977
000902
001708
004854
006239
000281
004215
007143
005258
002176
001602
005781
000372
005260
005545
004103
005427
002624
005429
005856
003018
007075
005936
007032
006398
003065
001777
006794
003633
000707
000190
002557
002112
004840
002540
006340
006575
003634
002601
001982
001622
002444
005524
006701
007157
002641
005014
001429
000570
002194
004911
000271
005492
006990
000469
001775
004552
004794
001819
001499
004966
005784
006314
001055
006408
004664
005786
003652
004293
002131
005259
004702
006514
006016
004642
004163
002852
004409
002088
000931
003498
002589
004177
004456
002514
002365
001730
001560
006720
006584
006727
006456
000167
001216
001494
000124
001151
006537
000701
006461
006379
000276
007130
006609
003446
001716
001973
003742
004599
005130
000736
002111
006385
001986
000355
002702
000743
000554
000964
006506
006743
002765
003402
000960
001480
005662
004978
002703
002938
000996
005916
006879
003255
006974
006136
004095
000729
005467
001997
003187
001088
002583
004975
005234
007380
000036
001713
002678
002507
001901
005569
002804
003552
005537
001246
002079
001232
006480
001124
001465
001550
001792
002633
006517
000683
002074
004329
001890
004676
005094
002038
003827
003092
002661
002504
005360
002593
007372
000602
003727
005113
007203
002224
000800
005699
006283
005362
003981
002815
007006
001283
007328
000212
002302
002197
005146
001197
002319
002261
003978
003354
004856
001340
002649
000253
005864
002383
005820
007237
004902
002442
002523
007016
001603
005449
003242
002354
002846
006905
000779
005261
005423
005428
002020
005939
002107
006236
003482
005095
006933
003306
003455
002850
006020
004564
006679
002409
007067
001325
005198
006806
003085
004442
005359
000528
005909
006412
005755
002121
002513
001270
001105
002494
002521
004131
006840
005777
002258
003202
002882
000710
003957
002867
000278
001843
007332
003090
005477
004039
001428
001095
005571
002988
003818
004863
007140
005573
000226
006703
000618
005685
000516
003502
001177
004891
004504
006274
006368
004597
004656
003487
003098
002207
006650
001047
000705
000125
000332
005217
005104
003063
001457
000578
000604
000227
004817
006295
003485
000420
005665
003488
001854
001137
002552
006329
002605
007193
002089
004648
003125
007264
004580
001743
007422
002821
007027
002316
006792
006221
003138
000085
004462
006847
001845
005048
004946
001510
002305
005122
000797
006226
000926
006624
005430
006002
002554
002993
000545
007453
003959
004153
001470
000333
003616
003283
000099
005760
003145
001495
003505
000592
001614
000781
000092
001706
003437
006393
004698
003197
006729
004525
003435
005062
001052
006100
001828
001316
004721
001728
005567
001709
001939
001545
000103
007195
001217
001878
003777
002049
006445
000895
000556
000575
004769
006437
003821
000810
005321
003275
001924
005358
006603
003074
005591
002471
004903
003366
003271
002836
002309
004768
002694
000051
002517
005859
004494
003799
001894
007342
005329
005041
005078
000100
005043
001577
003012
002841
003864
005853
001682
006809
006478
006131
001522
003829
000138
003121
001585
004312
005644
002961
002558
007276
004053
005615
003740
006828
002657
001102
004340
002960
001573
002231
004045
001824
007441
000022
003391
000419
006124
000793
001183
003344
004825
004135
004719
007367
005319
007403
000434
006970
006491
004359
001873
000843
006838
001566
005574
005138
002191
003968
005996
000309
002800
002764
006918
003400
000163
004023
005139
003790
005963
003564
004969
002495
002400
002862
000237
003205
003276
002848
006795
001321
001381
003601
002974
005103
005527
005063
001374
003638
006873
002060
000045
004196
000034
005814
002969
004167
002614
006956
003649
004557
006045
004882
004338
000792
007406
003042
000899
003469
003920
003743
001027
001139
000761
005753
006680
003858
006542
004249
007420
001804
000686
001257
006468
004738
006193
006428
005970
005618
006733
005445
006122
004847
005717
003143
000316
006958
002515
004772
006647
001883
003055
007389
003992
001219
003714
000182
006618
004284
005356
003386
001356
001391
001734
005908
007451
002987
004245
007274
001446
005438
004680
005914
007079
007302
000948
006383
007069
003521
006235
006356
005471
004760
002684
006301
003644
001019
006209
000389
003979
004983
004432
001674
006104
001010
003307
005968
004589
002696
001768
001090
007001
000522
006141
005065
000579
003176
005577
007411
000984
003507
006285
000473
006121
005560
003026
002348
006632
005551
007282
000398
001060
002608
004834
005022
003234
005093
004232
006926
001239
003924
003091
000353
005585
005049
004118
006294
003351
000479
002834
004237
004634
007123
002656
004562
000390
003791
001586
001115
002842
003393
007470
004713
005345
000339
004061
001462
006484
001313
006476
000495
001496
003257
005842
005107
004474
007283
007311
005364
002100
006855
001447
002008
007192
007480
005211
000475
003910
000305
006660
003169
001773
005999
005224
005810
003499
003374
003341
000631
003689
006570
007250
000161
001481
002405
007056
007197
005391
005180
007248
001729
007086
002855
003876
005896
004573
001813
001935
001284
000501
005861
004886
001763
006389
001361
002014
002819
007008
001965
001507
001512
004154
002093
002695
000882
001432
006030
002002
006256
001498
004457
005711
001680
000950
006834
004987
004997
001182
003801
005688
001579
005440
004241
006219
001800
002889
001129
001753
004890
004904
004259
004931
004686
000691
001062
007144
005988
000655
001302
000869
001868
005745
002290
006524
000240
005323
005081
004636
002700
007385
006712
004614
006132
006503
003465
004325
006227
002814
001468
005353
004925
001759
003478
006923
005518
002945
001565
001838
004364
002596
001068
001484
007356
000459
005691
003596
006839
003457
003755
004332
004941
005639
002393
000385
004388
007160
002712
002876
006773
001983
006324
004044
001822
001028
003891
007061
003243
004307
002028
